% latex table generated in R 4.0.2 by xtable 1.8-4 package
% 
\begin{tabular}{p{5cm}p{2cm}p{2cm}p{2cm}p{2cm}p{2cm}p{2cm}p{2cm}p{2cm}}
  \hline
 & Shock & Shock x post55 & Shock x uninsured & Shock x high PGS & Shock x post55 x uninsured & Shock x uninsured x high PGS &  Shock x post55 x high PGS & Shock x post55 x uninsured x high PGS \\ 
  \hline
Shock & 0.0018 & -0.0018 & -0.0018 & -0.0018 & 0.0018 & 0.0018 & 0.0018 & -0.0018 \\ 
  Shock x post55 & -0.0018 & 0.0032 & 0.0018 & 0.0018 & -0.0031 & -0.0018 & -0.0032 & 0.0032 \\ 
  Shock x uninsured & -0.0018 & 0.0018 & 0.0022 & 0.0018 & -0.0024 & -0.0022 & -0.0018 & 0.0024 \\ 
  Shock x high PGS & -0.0018 & 0.0018 & 0.0018 & 0.0038 & -0.0018 & -0.0038 & -0.0039 & 0.0038 \\ 
  Shock x post55 x uninsured & 0.0018 & -0.0031 & -0.0024 & -0.0018 & 0.0173 & 0.0024 & 0.0031 & -0.0173 \\ 
  Shock x uninsured x high PGS & 0.0018 & -0.0018 & -0.0022 & -0.0038 & 0.0024 & 0.0046 & 0.0038 & -0.0048 \\ 
   Shock x post55 x high PGS & 0.0018 & -0.0032 & -0.0018 & -0.0039 & 0.0031 & 0.0038 & 0.0060 & -0.0060 \\ 
  Shock x post55 x uninsured x high PGS & -0.0018 & 0.0032 & 0.0024 & 0.0038 & -0.0173 & -0.0048 & -0.0060 & 0.0218 \\ 
   \hline
\end{tabular}
